1.00000 0.00000
0.97948 0.00572
0.96072 0.01052
0.94224 0.01497
0.92054 0.02053
0.89919 0.02590
0.87889 0.03112
0.85613 0.03704
0.83163 0.04302
0.81028 0.04824
0.78389 0.05495
0.75932 0.06108
0.73537 0.06727
0.70983 0.07313
0.68043 0.08014
0.64613 0.08751
0.61638 0.09382
0.58279 0.10061
0.55025 0.10661
0.51596 0.11229
0.47958 0.11684
0.44042 0.12023
0.39861 0.12205
0.36107 0.12184
0.32375 0.11985
0.28972 0.11682
0.25696 0.11237
0.22498 0.10703
0.19460 0.10105
0.16420 0.09424
0.13603 0.08687
0.11118 0.07921
0.08849 0.07107
0.06718 0.06188
0.04758 0.05196
0.03273 0.04336
0.02191 0.03584
0.01451 0.02958
0.00745 0.02211
0.00357 0.01655
0.00113 0.01119
0.00000 0.00475
0.00000 0.00000
0.00042 -0.00137
0.00178 -0.00567
0.00579 -0.01203
0.01043 -0.01669
0.01743 -0.02142
0.02420 -0.02487
0.03396 -0.02898
0.04603 -0.03296
0.06117 -0.03699
0.07664 -0.04039
0.08902 -0.04271
0.10393 -0.04533
0.12090 -0.04809
0.13729 -0.05040
0.16495 -0.05365
0.19459 -0.05631
0.22591 -0.05889
0.25794 -0.06083
0.28860 -0.06215
0.32478 -0.06291
0.36212 -0.06270
0.39965 -0.06143
0.44143 -0.05872
0.48056 -0.05496
0.51688 -0.05018
0.55110 -0.04548
0.58359 -0.04068
0.61711 -0.03523
0.64680 -0.03053
0.68102 -0.02509
0.71035 -0.02020
0.73584 -0.01583
0.75973 -0.01206
0.78435 -0.00809
0.81058 -0.00449
0.83307 -0.00151
0.85633 0.00133
0.87904 0.00355
0.89930 0.00524
0.92027 0.00601
0.94234 0.00578
0.96062 0.00453
0.97912 0.00201
0.99937 -0.00202

